path = [-1.7969   -1.8359;
   -1.7578   -1.8359;
   -1.7188   -1.8359;
   -1.6797   -1.8359;
   -1.6406   -1.8359;
   -1.6406   -1.8750;
   -1.6016   -1.8750;
   -1.5625   -1.8750;
   -1.5234   -1.8750;
   -1.4844   -1.8750;
   -1.4453   -1.8750;
   -1.4062   -1.8750;
   -1.3672   -1.8750;
   -1.3281   -1.8750;
   -1.2891   -1.8750;
   -1.2500   -1.8750;
   -1.2109   -1.8750;
   -1.1719   -1.8750;
   -1.1328   -1.8750;
   -1.0938   -1.8750;
   -1.0547   -1.8750;
   -1.0156   -1.8750;
   -0.9766   -1.8750;
   -0.9375   -1.8750;
   -0.8984   -1.8750;
   -0.8594   -1.8750;
   -0.8203   -1.8750;
   -0.7812   -1.8750;
   -0.7422   -1.8750;
   -0.7031   -1.8750;
   -0.6641   -1.8750;
   -0.6250   -1.8750;
   -0.5859   -1.8750;
   -0.5469   -1.8750;
   -0.5078   -1.8750;
   -0.4688   -1.8750;
   -0.4297   -1.8750;
   -0.3906   -1.8750;
   -0.3516   -1.8750;
   -0.3125   -1.8750;
   -0.2734   -1.8750;
   -0.2344   -1.8750;
   -0.1953   -1.8750;
   -0.1562   -1.8750;
   -0.1172   -1.8750;
   -0.0781   -1.8750;
   -0.0391   -1.8750;
         0   -1.8750;
    0.0391   -1.8750;
    0.0781   -1.8750;
    0.1172   -1.8750;
    0.1562   -1.8750;
    0.1953   -1.8750;
    0.2344   -1.8750;
    0.2734   -1.8750;
    0.3125   -1.8750;
    0.3516   -1.8750;
    0.3906   -1.8750;
    0.4297   -1.8750;
    0.4688   -1.8750;
    0.5078   -1.8750;
    0.5469   -1.8750;
    0.5859   -1.8750;
    0.6250   -1.8750;
    0.6250   -1.8359;
    0.6250   -1.7969;
    0.6250   -1.7578;
    0.6250   -1.7188;
    0.6250   -1.6797;
    0.6250   -1.6406;
    0.6250   -1.6016;
    0.6250   -1.5625;
    0.6250   -1.5234;
    0.6250   -1.4844;
    0.6250   -1.4453;
    0.6250   -1.4062;
    0.6250   -1.3672;
    0.6250   -1.3281;
    0.6250   -1.2891;
    0.6250   -1.2500;
    0.6250   -1.2109;
    0.6250   -1.1719;
    0.6250   -1.1328;
    0.6250   -1.0938;
    0.6250   -1.0547;
    0.6250   -1.0156;
    0.6250   -0.9766;
    0.6250   -0.9375;
    0.6250   -0.8984;
    0.6250   -0.8594;
    0.6250   -0.8203;
    0.6250   -0.7812;
    0.6250   -0.7422;
    0.6250   -0.7031;
    0.6250   -0.6641;
    0.6250   -0.6250;
    0.5859   -0.6250;
    0.5469   -0.6250;
    0.5078   -0.6250;
    0.4688   -0.6250;
    0.4297   -0.6250;
    0.3906   -0.6250;
    0.3516   -0.6250;
    0.3125   -0.6250;
    0.2734   -0.6250;
    0.2344   -0.6250;
    0.1953   -0.6250;
    0.1562   -0.6250;
    0.1172   -0.6250;
    0.0781   -0.6250;
    0.0391   -0.6250;
         0   -0.6250;
   -0.0391   -0.6250;
   -0.0781   -0.6250;
   -0.1172   -0.6250;
   -0.1562   -0.6250;
   -0.1953   -0.6250;
   -0.2344   -0.6250;
   -0.2734   -0.6250;
   -0.3125   -0.6250;
   -0.3516   -0.6250;
   -0.3906   -0.6250;
   -0.4297   -0.6250;
   -0.4297   -0.5859;
   -0.4688   -0.5859;
   -0.4688   -0.5469;
   -0.5078   -0.5469;
   -0.5078   -0.5078;
   -0.5469   -0.5078;
   -0.5469   -0.4688;
   -0.5859   -0.4688;
   -0.5859   -0.4297;
   -0.6250   -0.4297;
   -0.6250   -0.3906;
   -0.6641   -0.3906;
   -0.6641   -0.3516;
   -0.6641   -0.3125;
   -0.6641   -0.2734;
   -0.7031   -0.2734;
   -0.7031   -0.2344;
   -0.7031   -0.1953;
   -0.7031   -0.1562;
   -0.7031   -0.1172;
   -0.7031   -0.0781;
   -0.7031   -0.0391;
   -0.7031         0;
   -0.7031    0.0391;
   -0.7031    0.0781;
   -0.7031    0.1172;
   -0.7031    0.1562;
   -0.7031    0.1953;
   -0.6641    0.1953;
   -0.6641    0.2344;
   -0.6250    0.2344;
   -0.6250    0.2734;
   -0.5859    0.2734;
   -0.5859    0.3125;
   -0.5469    0.3125;
   -0.5469    0.3516;
   -0.5078    0.3516;
   -0.5078    0.3906;
   -0.4688    0.3906;
   -0.4688    0.4297;
   -0.4297    0.4297;
   -0.3906    0.4297;
   -0.3906    0.4688;
   -0.3516    0.4688;
   -0.3125    0.4688;
   -0.3125    0.5078;
   -0.3125    0.5469;
   -0.3125    0.5859;
   -0.3125    0.6250;
   -0.3125    0.6641;
   -0.3125    0.7031;
   -0.3125    0.7422;
   -0.3125    0.7812;
   -0.3125    0.8203;
   -0.3125    0.8594;
   -0.3125    0.8984;
   -0.3125    0.9375;
   -0.3125    0.9766;
   -0.3125    1.0156;
   -0.3125    1.0547;
   -0.3125    1.0938;
   -0.3125    1.1328;
   -0.3125    1.1719;
   -0.3125    1.2109;
   -0.3125    1.2500;
   -0.3125    1.2891;
   -0.3125    1.3281;
   -0.3125    1.3672;
   -0.3125    1.4062;
   -0.3125    1.4453;
   -0.3125    1.4844;
   -0.3125    1.5234;
   -0.3125    1.5625;
   -0.3125    1.6016;
   -0.3125    1.6406;
   -0.3125    1.6797;
   -0.3125    1.7188;
   -0.3125    1.7578;
   -0.3125    1.7969;
   -0.3125    1.8359;
   -0.3125    1.8750;
   -0.3125    1.9141;
   -0.3125    1.9531;
   -0.3125    1.9922;
   -0.3516    1.9922;
   -0.3906    1.9922;
   -0.4297    1.9922;
   -0.4688    1.9922;
   -0.5078    1.9922;
   -0.5469    1.9922;
   -0.5859    1.9922;
   -0.6250    1.9922;
   -0.6641    1.9922;
   -0.7031    1.9922;
   -0.7422    1.9922;
   -0.7812    1.9922;
   -0.8203    1.9922;
   -0.8594    1.9922;
   -0.8984    1.9922;
   -0.9375    1.9922;
   -0.9766    1.9922;
   -1.0156    1.9922;
   -1.0547    1.9922;
   -1.0938    1.9922;
   -1.1328    1.9922;
   -1.1719    1.9922;
   -1.2109    1.9922;
   -1.2500    1.9922;
   -1.2891    1.9922;
   -1.3281    1.9922;
   -1.3672    1.9922;
   -1.4062    1.9922;
   -1.4453    1.9922;
   -1.4844    1.9922;
   -1.5234    1.9922;
   -1.5625    1.9922;
   -1.6016    1.9922;
   -1.6406    1.9922;
   -1.6797    1.9922;
   -1.7188    1.9922;
   -1.7578    1.9922;
   -1.7969    1.9922;
   -1.8359    1.9922;
   -1.8750    1.9922;
   -1.9141    1.9922;
   -1.9531    1.9922;
   -1.9922    1.9922];